 -1.50000000  0.32812500
 -1.49414062  0.31650466
 -1.48828125  0.30507991
 -1.48242188  0.29384896
 -1.47656250  0.28281006
 -1.47070312  0.27196136
 -1.46484375  0.26130110
 -1.45898438  0.25082752
 -1.45312500  0.24053885
 -1.44726562  0.23043333
 -1.44140625  0.22050923
 -1.43554688  0.21076478
 -1.42968750  0.20119825
 -1.42382812  0.19180793
 -1.41796875  0.18259206
 -1.41210938  0.17354895
 -1.40625000  0.16467690
 -1.40039062  0.15597419
 -1.39453125  0.14743915
 -1.38867188  0.13907006
 -1.38281250  0.13086528
 -1.37695312  0.12282310
 -1.37109375  0.11494187
 -1.36523438  0.10721993
 -1.35937500  0.09965564
 -1.35351562  0.09224734
 -1.34765625  0.08499341
 -1.34179688  0.07789219
 -1.33593750  0.07094209
 -1.33007812  0.06414147
 -1.32421875  0.05748874
 -1.31835938  0.05098229
 -1.31250000  0.04462051
 -1.30664062  0.03840184
 -1.30078125  0.03232468
 -1.29492188  0.02638746
 -1.28906250  0.02058862
 -1.28320312  0.01492660
 -1.27734375  0.00939984
 -1.27148438  0.00400679
 -1.26562500 -0.00125407
 -1.25976562 -0.00638428
 -1.25390625 -0.01138537
 -1.24804688 -0.01625885
 -1.24218750 -0.02100623
 -1.23632812 -0.02562901
 -1.23046875 -0.03012870
 -1.22460938 -0.03450677
 -1.21875000 -0.03876472
 -1.21289062 -0.04290400
 -1.20703125 -0.04692611
 -1.20117188 -0.05083248
 -1.19531250 -0.05462459
 -1.18945312 -0.05830386
 -1.18359375 -0.06187175
 -1.17773438 -0.06532968
 -1.17187500 -0.06867908
 -1.16601562 -0.07192136
 -1.16015625 -0.07505795
 -1.15429688 -0.07809024
 -1.14843750 -0.08101963
 -1.14257812 -0.08384750
 -1.13671875 -0.08657524
 -1.13085938 -0.08920424
 -1.12500000 -0.09173584
 -1.11914062 -0.09417142
 -1.11328125 -0.09651233
 -1.10742188 -0.09875993
 -1.10156250 -0.10091554
 -1.09570312 -0.10298049
 -1.08984375 -0.10495614
 -1.08398438 -0.10684377
 -1.07812500 -0.10864471
 -1.07226562 -0.11036026
 -1.06640625 -0.11199173
 -1.06054688 -0.11354040
 -1.05468750 -0.11500755
 -1.04882812 -0.11639446
 -1.04296875 -0.11770241
 -1.03710938 -0.11893264
 -1.03125000 -0.12008643
 -1.02539062 -0.12116501
 -1.01953125 -0.12216964
 -1.01367188 -0.12310153
 -1.00781250 -0.12396193
 -1.00195312 -0.12475204
 -0.99609375 -0.12547308
 -0.99023438 -0.12612626
 -0.98437500 -0.12671278
 -0.97851562 -0.12723383
 -0.97265625 -0.12769060
 -0.96679688 -0.12808424
 -0.96093750 -0.12841596
 -0.95507812 -0.12868689
 -0.94921875 -0.12889820
 -0.94335938 -0.12905106
 -0.93750000 -0.12914658
 -0.93164062 -0.12918590
 -0.92578125 -0.12917016
 -0.91992188 -0.12910049
 -0.91406250 -0.12897797
 -0.90820312 -0.12880373
 -0.90234375 -0.12857887
 -0.89648438 -0.12830448
 -0.89062500 -0.12798165
 -0.88476562 -0.12761144
 -0.87890625 -0.12719494
 -0.87304688 -0.12673321
 -0.86718750 -0.12622732
 -0.86132812 -0.12567829
 -0.85546875 -0.12508719
 -0.84960938 -0.12445503
 -0.84375000 -0.12378287
 -0.83789062 -0.12307172
 -0.83203125 -0.12232258
 -0.82617188 -0.12153647
 -0.82031250 -0.12071440
 -0.81445312 -0.11985734
 -0.80859375 -0.11896630
 -0.80273438 -0.11804225
 -0.79687500 -0.11708616
 -0.79101562 -0.11609899
 -0.78515625 -0.11508172
 -0.77929688 -0.11403528
 -0.77343750 -0.11296062
 -0.76757812 -0.11185868
 -0.76171875 -0.11073039
 -0.75585938 -0.10957667
 -0.75000000 -0.10839844
 -0.74414062 -0.10719660
 -0.73828125 -0.10597206
 -0.73242188 -0.10472572
 -0.72656250 -0.10345845
 -0.72070312 -0.10217115
 -0.71484375 -0.10086467
 -0.70898438 -0.09953990
 -0.70312500 -0.09819768
 -0.69726562 -0.09683888
 -0.69140625 -0.09546433
 -0.68554688 -0.09407489
 -0.67968750 -0.09267136
 -0.67382812 -0.09125459
 -0.66796875 -0.08982538
 -0.66210938 -0.08838455
 -0.65625000 -0.08693290
 -0.65039062 -0.08547122
 -0.64453125 -0.08400030
 -0.63867188 -0.08252093
 -0.63281250 -0.08103389
 -0.62695312 -0.07953992
 -0.62109375 -0.07803980
 -0.61523438 -0.07653429
 -0.60937500 -0.07502411
 -0.60351562 -0.07351003
 -0.59765625 -0.07199275
 -0.59179688 -0.07047303
 -0.58593750 -0.06895156
 -0.58007812 -0.06742907
 -0.57421875 -0.06590624
 -0.56835938 -0.06438379
 -0.56250000 -0.06286240
 -0.55664062 -0.06134275
 -0.55078125 -0.05982552
 -0.54492188 -0.05831137
 -0.53906250 -0.05680098
 -0.53320312 -0.05529498
 -0.52734375 -0.05379403
 -0.52148438 -0.05229878
 -0.51562500 -0.05080985
 -0.50976562 -0.04932786
 -0.50390625 -0.04785344
 -0.49804688 -0.04638720
 -0.49218750 -0.04492974
 -0.48632812 -0.04348167
 -0.48046875 -0.04204356
 -0.47460938 -0.04061601
 -0.46875000 -0.03919959
 -0.46289062 -0.03779487
 -0.45703125 -0.03640242
 -0.45117188 -0.03502278
 -0.44531250 -0.03365651
 -0.43945312 -0.03230414
 -0.43359375 -0.03096622
 -0.42773438 -0.02964326
 -0.42187500 -0.02833579
 -0.41601562 -0.02704433
 -0.41015625 -0.02576937
 -0.40429688 -0.02451141
 -0.39843750 -0.02327095
 -0.39257812 -0.02204847
 -0.38671875 -0.02084445
 -0.38085938 -0.01965935
 -0.37500000 -0.01849365
 -0.36914062 -0.01734780
 -0.36328125 -0.01622224
 -0.35742188 -0.01511742
 -0.35156250 -0.01403378
 -0.34570312 -0.01297174
 -0.33984375 -0.01193172
 -0.33398438 -0.01091413
 -0.32812500 -0.00991939
 -0.32226562 -0.00894789
 -0.31640625 -0.00800003
 -0.31054688 -0.00707618
 -0.30468750 -0.00617674
 -0.29882812 -0.00530206
 -0.29296875 -0.00445252
 -0.28710938 -0.00362847
 -0.28125000 -0.00283027
 -0.27539062 -0.00205824
 -0.26953125 -0.00131274
 -0.26367188 -0.00059409
 -0.25781250  0.00009739
 -0.25195312  0.00076139
 -0.24609375  0.00139759
 -0.24023438  0.00200570
 -0.23437500  0.00258543
 -0.22851562  0.00313647
 -0.22265625  0.00365857
 -0.21679688  0.00415144
 -0.21093750  0.00461482
 -0.20507812  0.00504845
 -0.19921875  0.00545208
 -0.19335938  0.00582546
 -0.18750000  0.00616837
 -0.18164062  0.00648056
 -0.17578125  0.00676182
 -0.16992188  0.00701193
 -0.16406250  0.00723069
 -0.15820312  0.00741788
 -0.15234375  0.00757332
 -0.14648438  0.00769682
 -0.14062500  0.00778820
 -0.13476562  0.00784728
 -0.12890625  0.00787390
 -0.12304688  0.00786790
 -0.11718750  0.00782913
 -0.11132812  0.00775744
 -0.10546875  0.00765270
 -0.09960938  0.00751477
 -0.09375000  0.00734353
 -0.08789062  0.00713887
 -0.08203125  0.00690066
 -0.07617188  0.00662882
 -0.07031250  0.00632325
 -0.06445312  0.00598385
 -0.05859375  0.00561055
 -0.05273438  0.00520327
 -0.04687500  0.00476195
 -0.04101562  0.00428652
 -0.03515625  0.00377693
 -0.02929688  0.00323314
 -0.02343750  0.00265510
 -0.01757812  0.00204279
 -0.01171875  0.00139618
 -0.00585938  0.00071523
  0.00000000 -0.00000012
  0.00585938 -0.00075011
  0.01171875 -0.00153558
  0.01757812 -0.00235940
  0.02343750 -0.00323068
  0.02929688 -0.00417608
  0.03515625 -0.00526755
  0.04101562 -0.00668394
  0.04687500 -0.00883360
  0.05273438 -0.01256983
  0.05859375 -0.01951623
  0.06445312 -0.03246510
  0.07031250 -0.05570617
  0.07617188 -0.09500828
  0.08203125 -0.15688974
  0.08789062 -0.24690273
  0.09375000 -0.36702353
  0.09960938 -0.51284033
  0.10546875 -0.67179078
  0.11132812 -0.82379496
  0.11718750 -0.94494319
  0.12304688 -1.01355493
  0.12890625 -1.01656413
  0.13476562 -0.95366204
  0.14062500 -0.83739716
  0.14648438 -0.68918860
  0.15234375 -0.53298753
  0.15820312 -0.38915110
  0.16406250 -0.27061984
  0.16992188 -0.18215172
  0.17578125 -0.12200273
  0.18164062 -0.08472140
  0.18750000 -0.06378795
  0.19335938 -0.05337646
  0.19921875 -0.04912509
  0.20507812 -0.04817883
  0.21093750 -0.04886936
  0.21679688 -0.05031589
  0.22265625 -0.05209500
  0.22851562 -0.05402033
  0.23437500 -0.05601644
  0.24023438 -0.05805510
  0.24609375 -0.06012640
  0.25195312 -0.06222702
  0.25781250 -0.06435576
  0.26367188 -0.06651206
  0.26953125 -0.06869555
  0.27539062 -0.07090590
  0.28125000 -0.07314277
  0.28710938 -0.07540582
  0.29296875 -0.07769471
  0.29882812 -0.08000910
  0.30468750 -0.08234861
  0.31054688 -0.08471290
  0.31640625 -0.08710159
  0.32226562 -0.08951430
  0.32812500 -0.09195064
  0.33398438 -0.09441023
  0.33984375 -0.09689265
  0.34570312 -0.09939752
  0.35156250 -0.10192440
  0.35742188 -0.10447289
  0.36328125 -0.10704255
  0.36914062 -0.10963295
  0.37500000 -0.11224365
  0.38085938 -0.11487420
  0.38671875 -0.11752413
  0.39257812 -0.12019300
  0.39843750 -0.12288032
  0.40429688 -0.12558563
  0.41015625 -0.12830843
  0.41601562 -0.13104823
  0.42187500 -0.13380454
  0.42773438 -0.13657686
  0.43359375 -0.13936466
  0.43945312 -0.14216742
  0.44531250 -0.14498463
  0.45117188 -0.14781575
  0.45703125 -0.15066023
  0.46289062 -0.15351753
  0.46875000 -0.15638709
  0.47460938 -0.15926835
  0.48046875 -0.16216075
  0.48632812 -0.16506369
  0.49218750 -0.16797662
  0.49804688 -0.17089891
  0.50390625 -0.17383000
  0.50976562 -0.17676927
  0.51562500 -0.17971610
  0.52148438 -0.18266988
  0.52734375 -0.18562998
  0.53320312 -0.18859576
  0.53906250 -0.19156660
  0.54492188 -0.19454184
  0.55078125 -0.19752082
  0.55664062 -0.20050290
  0.56250000 -0.20348740
  0.56835938 -0.20647363
  0.57421875 -0.20946093
  0.58007812 -0.21244860
  0.58593750 -0.21543594
  0.59179688 -0.21842225
  0.59765625 -0.22140682
  0.60351562 -0.22438893
  0.60937500 -0.22736786
  0.61523438 -0.23034288
  0.62109375 -0.23331323
  0.62695312 -0.23627821
  0.63281250 -0.23923701
  0.63867188 -0.24218890
  0.64453125 -0.24513312
  0.65039062 -0.24806887
  0.65625000 -0.25099540
  0.66210938 -0.25391188
  0.66796875 -0.25681758
  0.67382812 -0.25971162
  0.67968750 -0.26259324
  0.68554688 -0.26546159
  0.69140625 -0.26831591
  0.69726562 -0.27115530
  0.70312500 -0.27397895
  0.70898438 -0.27678600
  0.71484375 -0.27957562
  0.72070312 -0.28234693
  0.72656250 -0.28509906
  0.73242188 -0.28783119
  0.73828125 -0.29054236
  0.74414062 -0.29323176
  0.75000000 -0.29589844
  0.75585938 -0.29854152
  0.76171875 -0.30116007
  0.76757812 -0.30375323
  0.77343750 -0.30631998
  0.77929688 -0.30885950
  0.78515625 -0.31137079
  0.79101562 -0.31385291
  0.79687500 -0.31630492
  0.80273438 -0.31872585
  0.80859375 -0.32111475
  0.81445312 -0.32347062
  0.82031250 -0.32579252
  0.82617188 -0.32807943
  0.83203125 -0.33033040
  0.83789062 -0.33254436
  0.84375000 -0.33472037
  0.84960938 -0.33685738
  0.85546875 -0.33895439
  0.86132812 -0.34101033
  0.86718750 -0.34302419
  0.87304688 -0.34499493
  0.87890625 -0.34692150
  0.88476562 -0.34880286
  0.89062500 -0.35063791
  0.89648438 -0.35242558
  0.90234375 -0.35416481
  0.90820312 -0.35585451
  0.91406250 -0.35749358
  0.91992188 -0.35908094
  0.92578125 -0.36061546
  0.93164062 -0.36209607
  0.93750000 -0.36352158
  0.94335938 -0.36489090
  0.94921875 -0.36620289
  0.95507812 -0.36745644
  0.96093750 -0.36865032
  0.96679688 -0.36978346
  0.97265625 -0.37085465
  0.97851562 -0.37186274
  0.98437500 -0.37280655
  0.99023438 -0.37368485
  0.99609375 -0.37449652
  1.00195312 -0.37524033
  1.00781250 -0.37591505
  1.01367188 -0.37651950
  1.01953125 -0.37705246
  1.02539062 -0.37751266
  1.03125000 -0.37789893
  1.03710938 -0.37820998
  1.04296875 -0.37844458
  1.04882812 -0.37860149
  1.05468750 -0.37867942
  1.06054688 -0.37867713
  1.06640625 -0.37859330
  1.07226562 -0.37842667
  1.07812500 -0.37817597
  1.08398438 -0.37783986
  1.08984375 -0.37741706
  1.09570312 -0.37690628
  1.10156250 -0.37630615
  1.10742188 -0.37561539
  1.11328125 -0.37483266
  1.11914062 -0.37395659
  1.12500000 -0.37298584
  1.13085938 -0.37191907
  1.13671875 -0.37075493
  1.14257812 -0.36949202
  1.14843750 -0.36812899
  1.15429688 -0.36666447
  1.16015625 -0.36509702
  1.16601562 -0.36342528
  1.17187500 -0.36164784
  1.17773438 -0.35976326
  1.18359375 -0.35777017
  1.18945312 -0.35566714
  1.19531250 -0.35345271
  1.20117188 -0.35112545
  1.20703125 -0.34868392
  1.21289062 -0.34612668
  1.21875000 -0.34345222
  1.22460938 -0.34065911
  1.23046875 -0.33774588
  1.23632812 -0.33471105
  1.24218750 -0.33155310
  1.24804688 -0.32827055
  1.25390625 -0.32486191
  1.25976562 -0.32132569
  1.26562500 -0.31766033
  1.27148438 -0.31386429
  1.27734375 -0.30993611
  1.28320312 -0.30587417
  1.28906250 -0.30167699
  1.29492188 -0.29734302
  1.30078125 -0.29287064
  1.30664062 -0.28825831
  1.31250000 -0.28350449
  1.31835938 -0.27860755
  1.32421875 -0.27356595
  1.33007812 -0.26837805
  1.33593750 -0.26304227
  1.34179688 -0.25755703
  1.34765625 -0.25192067
  1.35351562 -0.24613155
  1.35937500 -0.24018811
  1.36523438 -0.23408866
  1.37109375 -0.22783156
  1.37695312 -0.22141518
  1.38281250 -0.21483785
  1.38867188 -0.20809790
  1.39453125 -0.20119366
  1.40039062 -0.19412346
  1.40625000 -0.18688560
  1.41210938 -0.17947839
  1.41796875 -0.17190012
  1.42382812 -0.16414911
  1.42968750 -0.15622362
  1.43554688 -0.14812194
  1.44140625 -0.13984233
  1.44726562 -0.13138308
  1.45312500 -0.12274240
  1.45898438 -0.11391858
  1.46484375 -0.10490984
  1.47070312 -0.09571443
  1.47656250 -0.08633058
  1.48242188 -0.07675649
  1.48828125 -0.06699040
  1.49414062 -0.05703050